#!/bin/bash
# Runs everytime bash shell is launched

# If not running interactively, don't do anything
case $- in
*i*) ;;
*) return ;;
esac

if [ $EUID -ne 0 ]; then
	export PS1='\[\e[0;38;5;141m\]\W \[\e[0;38;5;153m\]>\[\e[0;38;5;153m\]<\[\e[0;38;5;153m\]> \[\e[0m\]'
else
	export PS1='\[\e[0;38;5;141m\]\W \[\e[0;91m\]>\[\e[0;91m\]<\[\e[0;91m\]> \[\e[0m\]'
fi

export LS_COLORS='su=0:tw=0:mi=0;38;2;0;0;0;48;2;255;92;87:no=0:ca=0:st=0:bd=0;38;2;154;237;254;48;2;51;51;51:fi=0:pi=0;38;2;0;0;0;48;2;87;199;255:ex=1;38;2;255;92;87:rs=0:di=0;38;2;87;199;255:cd=0;38;2;255;106;193;48;2;51;51;51:sg=0:ow=0:or=0;38;2;0;0;0;48;2;255;92;87:so=0;38;2;0;0;0;48;2;255;106;193:do=0;38;2;0;0;0;48;2;255;106;193:*~=0;38;2;102;102;102:ln=0;38;2;255;106;193:mh=0:*.c=0;38;2;90;247;142:*.h=0;38;2;90;247;142:*.p=0;38;2;90;247;142:*.m=0;38;2;90;247;142:*.a=1;38;2;255;92;87:*.r=0;38;2;90;247;142:*.d=0;38;2;90;247;142:*.z=4;38;2;154;237;254:*.o=0;38;2;102;102;102:*.t=0;38;2;90;247;142:*.pl=0;38;2;90;247;142:*.jl=0;38;2;90;247;142:*.el=0;38;2;90;247;142:*.ts=0;38;2;90;247;142:*.so=1;38;2;255;92;87:*.go=0;38;2;90;247;142:*.bc=0;38;2;102;102;102:*.kt=0;38;2;90;247;142:*.ll=0;38;2;90;247;142:*.bz=4;38;2;154;237;254:*.pm=0;38;2;90;247;142:*.vb=0;38;2;90;247;142:*.ex=0;38;2;90;247;142:*.lo=0;38;2;102;102;102:*.cs=0;38;2;90;247;142:*.xz=4;38;2;154;237;254:*.cp=0;38;2;90;247;142:*.ui=0;38;2;243;249;157:*.sh=0;38;2;90;247;142:*.gv=0;38;2;90;247;142:*.md=0;38;2;243;249;157:*.hs=0;38;2;90;247;142:*.7z=4;38;2;154;237;254:*.nb=0;38;2;90;247;142:*.pp=0;38;2;90;247;142:*.gz=4;38;2;154;237;254:*.la=0;38;2;102;102;102:*.td=0;38;2;90;247;142:*.ml=0;38;2;90;247;142:*.py=0;38;2;90;247;142:*.ko=1;38;2;255;92;87:*.di=0;38;2;90;247;142:*.js=0;38;2;90;247;142:*.rs=0;38;2;90;247;142:*.fs=0;38;2;90;247;142:*.cc=0;38;2;90;247;142:*.as=0;38;2;90;247;142:*.hi=0;38;2;102;102;102:*.ps=0;38;2;255;92;87:*.wv=0;38;2;255;180;223:*.cr=0;38;2;90;247;142:*.rm=0;38;2;255;180;223:*.hh=0;38;2;90;247;142:*.mn=0;38;2;90;247;142:*css=0;38;2;90;247;142:*.rb=0;38;2;90;247;142:*.pyd=0;38;2;102;102;102:*.nix=0;38;2;243;249;157:*.elm=0;38;2;90;247;142:*.psd=0;38;2;255;180;223:*.htm=0;38;2;243;249;157:*.apk=4;38;2;154;237;254:*.ogg=0;38;2;255;180;223:*.m4a=0;38;2;255;180;223:*.arj=4;38;2;154;237;254:*.xls=0;38;2;255;92;87:*.txt=0;38;2;243;249;157:*.dmg=4;38;2;154;237;254:*.fon=0;38;2;255;180;223:*.cpp=0;38;2;90;247;142:*.img=4;38;2;154;237;254:*.ppm=0;38;2;255;180;223:*.sty=0;38;2;102;102;102:*.def=0;38;2;90;247;142:*.bmp=0;38;2;255;180;223:*.tar=4;38;2;154;237;254:*.pdf=0;38;2;255;92;87:*.fsx=0;38;2;90;247;142:*.bz2=4;38;2;154;237;254:*.tgz=4;38;2;154;237;254:*.ps1=0;38;2;90;247;142:*.bib=0;38;2;243;249;157:*.ilg=0;38;2;102;102;102:*.epp=0;38;2;90;247;142:*.php=0;38;2;90;247;142:*.tex=0;38;2;90;247;142:*.asa=0;38;2;90;247;142:*.hxx=0;38;2;90;247;142:*.tif=0;38;2;255;180;223:*.erl=0;38;2;90;247;142:*.htc=0;38;2;90;247;142:*.h++=0;38;2;90;247;142:*.c++=0;38;2;90;247;142:*.mli=0;38;2;90;247;142:*.bcf=0;38;2;102;102;102:*.rpm=4;38;2;154;237;254:*.yml=0;38;2;243;249;157:*.xcf=0;38;2;255;180;223:*.wmv=0;38;2;255;180;223:*.hpp=0;38;2;90;247;142:*.ics=0;38;2;255;92;87:*.wma=0;38;2;255;180;223:*.ppt=0;38;2;255;92;87:*.inl=0;38;2;90;247;142:*.bag=4;38;2;154;237;254:*.wav=0;38;2;255;180;223:*.vim=0;38;2;90;247;142:*.xlr=0;38;2;255;92;87:*.odp=0;38;2;255;92;87:*.mid=0;38;2;255;180;223:*.tml=0;38;2;243;249;157:*.cfg=0;38;2;243;249;157:*.jar=4;38;2;154;237;254:*.ods=0;38;2;255;92;87:*.inc=0;38;2;90;247;142:*.rst=0;38;2;243;249;157:*.mpg=0;38;2;255;180;223:*.csx=0;38;2;90;247;142:*.exs=0;38;2;90;247;142:*.gvy=0;38;2;90;247;142:*.jpg=0;38;2;255;180;223:*.ico=0;38;2;255;180;223:*.lua=0;38;2;90;247;142:*.pod=0;38;2;90;247;142:*.eps=0;38;2;255;180;223:*.pps=0;38;2;255;92;87:*.otf=0;38;2;255;180;223:*.dox=0;38;2;165;255;195:*hgrc=0;38;2;165;255;195:*.bbl=0;38;2;102;102;102:*.sxw=0;38;2;255;92;87:*.pas=0;38;2;90;247;142:*.bin=4;38;2;154;237;254:*.awk=0;38;2;90;247;142:*.aif=0;38;2;255;180;223:*.pgm=0;38;2;255;180;223:*.mp4=0;38;2;255;180;223:*.tcl=0;38;2;90;247;142:*.git=0;38;2;102;102;102:*.swp=0;38;2;102;102;102:*.csv=0;38;2;243;249;157:*.pid=0;38;2;102;102;102:*.mp3=0;38;2;255;180;223:*.tbz=4;38;2;154;237;254:*.exe=1;38;2;255;92;87:*.zst=4;38;2;154;237;254:*.out=0;38;2;102;102;102:*.kts=0;38;2;90;247;142:*.doc=0;38;2;255;92;87:*.clj=0;38;2;90;247;142:*.tsx=0;38;2;90;247;142:*.ltx=0;38;2;90;247;142:*.sxi=0;38;2;255;92;87:*.vcd=4;38;2;154;237;254:*.pkg=4;38;2;154;237;254:*.toc=0;38;2;102;102;102:*.kex=0;38;2;255;92;87:*.pyo=0;38;2;102;102;102:*.cgi=0;38;2;90;247;142:*.dpr=0;38;2;90;247;142:*.m4v=0;38;2;255;180;223:*.swf=0;38;2;255;180;223:*.fls=0;38;2;102;102;102:*.ttf=0;38;2;255;180;223:*.zip=4;38;2;154;237;254:*.cxx=0;38;2;90;247;142:*.tmp=0;38;2;102;102;102:*.aux=0;38;2;102;102;102:*.bat=1;38;2;255;92;87:*.xml=0;38;2;243;249;157:*.mov=0;38;2;255;180;223:*.log=0;38;2;102;102;102:*.pbm=0;38;2;255;180;223:*.blg=0;38;2;102;102;102:*.pyc=0;38;2;102;102;102:*.ini=0;38;2;243;249;157:*.svg=0;38;2;255;180;223:*.bsh=0;38;2;90;247;142:*.gif=0;38;2;255;180;223:*.rtf=0;38;2;255;92;87:*.zsh=0;38;2;90;247;142:*.bak=0;38;2;102;102;102:*.sql=0;38;2;90;247;142:*.flv=0;38;2;255;180;223:*.xmp=0;38;2;243;249;157:*.vob=0;38;2;255;180;223:*.dot=0;38;2;90;247;142:*.rar=4;38;2;154;237;254:*.deb=4;38;2;154;237;254:*.mkv=0;38;2;255;180;223:*.fsi=0;38;2;90;247;142:*.ipp=0;38;2;90;247;142:*TODO=1:*.iso=4;38;2;154;237;254:*.bst=0;38;2;243;249;157:*.com=1;38;2;255;92;87:*.odt=0;38;2;255;92;87:*.pro=0;38;2;165;255;195:*.dll=1;38;2;255;92;87:*.avi=0;38;2;255;180;223:*.png=0;38;2;255;180;223:*.ind=0;38;2;102;102;102:*.idx=0;38;2;102;102;102:*.fnt=0;38;2;255;180;223:*.sbt=0;38;2;90;247;142:*.mir=0;38;2;90;247;142:*.webm=0;38;2;255;180;223:*.flac=0;38;2;255;180;223:*.psm1=0;38;2;90;247;142:*.java=0;38;2;90;247;142:*.toml=0;38;2;243;249;157:*.conf=0;38;2;243;249;157:*.jpeg=0;38;2;255;180;223:*.purs=0;38;2;90;247;142:*.docx=0;38;2;255;92;87:*.json=0;38;2;243;249;157:*.lock=0;38;2;102;102;102:*.h264=0;38;2;255;180;223:*.fish=0;38;2;90;247;142:*.bash=0;38;2;90;247;142:*.yaml=0;38;2;243;249;157:*.diff=0;38;2;90;247;142:*.mpeg=0;38;2;255;180;223:*.make=0;38;2;165;255;195:*.pptx=0;38;2;255;92;87:*.orig=0;38;2;102;102;102:*.html=0;38;2;243;249;157:*.rlib=0;38;2;102;102;102:*.opus=0;38;2;255;180;223:*.dart=0;38;2;90;247;142:*.lisp=0;38;2;90;247;142:*.epub=0;38;2;255;92;87:*.less=0;38;2;90;247;142:*.tbz2=4;38;2;154;237;254:*.tiff=0;38;2;255;180;223:*.psd1=0;38;2;90;247;142:*.xlsx=0;38;2;255;92;87:*.hgrc=0;38;2;165;255;195:*.shtml=0;38;2;243;249;157:*.toast=4;38;2;154;237;254:*.cmake=0;38;2;165;255;195:*.xhtml=0;38;2;243;249;157:*.scala=0;38;2;90;247;142:*.ipynb=0;38;2;90;247;142:*.cache=0;38;2;102;102;102:*passwd=0;38;2;243;249;157:*.swift=0;38;2;90;247;142:*shadow=0;38;2;243;249;157:*.cabal=0;38;2;90;247;142:*.mdown=0;38;2;243;249;157:*.class=0;38;2;102;102;102:*.dyn_o=0;38;2;102;102;102:*.patch=0;38;2;90;247;142:*README=0;38;2;40;42;54;48;2;243;249;157:*.dyn_hi=0;38;2;102;102;102:*.config=0;38;2;243;249;157:*LICENSE=0;38;2;153;153;153:*TODO.md=1:*INSTALL=0;38;2;40;42;54;48;2;243;249;157:*.matlab=0;38;2;90;247;142:*.groovy=0;38;2;90;247;142:*COPYING=0;38;2;153;153;153:*.flake8=0;38;2;165;255;195:*.gradle=0;38;2;90;247;142:*.ignore=0;38;2;165;255;195:*TODO.txt=1:*Makefile=0;38;2;165;255;195:*.gemspec=0;38;2;165;255;195:*setup.py=0;38;2;165;255;195:*.desktop=0;38;2;243;249;157:*Doxyfile=0;38;2;165;255;195:*.kdevelop=0;38;2;165;255;195:*README.md=0;38;2;40;42;54;48;2;243;249;157:*COPYRIGHT=0;38;2;153;153;153:*configure=0;38;2;165;255;195:*.DS_Store=0;38;2;102;102;102:*.markdown=0;38;2;243;249;157:*.rgignore=0;38;2;165;255;195:*.fdignore=0;38;2;165;255;195:*.cmake.in=0;38;2;165;255;195:*SConstruct=0;38;2;165;255;195:*README.txt=0;38;2;40;42;54;48;2;243;249;157:*.localized=0;38;2;102;102;102:*.gitignore=0;38;2;165;255;195:*.gitconfig=0;38;2;165;255;195:*SConscript=0;38;2;165;255;195:*CODEOWNERS=0;38;2;165;255;195:*Dockerfile=0;38;2;243;249;157:*INSTALL.md=0;38;2;40;42;54;48;2;243;249;157:*.scons_opt=0;38;2;102;102;102:*.synctex.gz=0;38;2;102;102;102:*MANIFEST.in=0;38;2;165;255;195:*INSTALL.txt=0;38;2;40;42;54;48;2;243;249;157:*.travis.yml=0;38;2;90;247;142:*Makefile.am=0;38;2;165;255;195:*Makefile.in=0;38;2;102;102;102:*LICENSE-MIT=0;38;2;153;153;153:*.gitmodules=0;38;2;165;255;195:*configure.ac=0;38;2;165;255;195:*appveyor.yml=0;38;2;90;247;142:*.fdb_latexmk=0;38;2;102;102;102:*.applescript=0;38;2;90;247;142:*CONTRIBUTORS=0;38;2;40;42;54;48;2;243;249;157:*.clang-format=0;38;2;165;255;195:*.gitattributes=0;38;2;165;255;195:*CMakeLists.txt=0;38;2;165;255;195:*LICENSE-APACHE=0;38;2;153;153;153:*CMakeCache.txt=0;38;2;102;102;102:*CONTRIBUTORS.md=0;38;2;40;42;54;48;2;243;249;157:*CONTRIBUTORS.txt=0;38;2;40;42;54;48;2;243;249;157:*.sconsign.dblite=0;38;2;102;102;102:*requirements.txt=0;38;2;165;255;195:*package-lock.json=0;38;2;102;102;102:*.CFUserTextEncoding=0;38;2;102;102;102'

# Load aliases
if [ -f "$HOME/.aliasrc" ]; then
	. "$HOME/.aliasrc"
else
	echo "Could not load aliases"
fi

# Work alises
[ -f "$HOME/.workaliasrc" ] && . "$HOME/.workaliasrc"

###########
# For FZF #
###########
_fzf_compgen_path() {
	fd --hidden --follow --exclude ".git" . "$1"
}

# Use fd to generate the list for directory completion
_fzf_compgen_dir() {
	fd --type d --hidden --follow -E ".git" . "$1" -E "Android"
}

